1
100
80 58 89 18 57 26 97 38 8 53 36 92 37 66 20 30 32 58 84 21 64 21 61 31 43 2 44 54 60 1 48 89 32 74 64 9 94 61 45 1 52 1 22 38 49 23 47 70 38 90 19 50 46 19 12 51 32 34 54 66 21 26 46 77 29 62 50 92 71 89 24 43 83 12 70 26 100 32 52 65 92 85 40 79 45 46 32 30 31 68 47 9 24 21 26 83 17 11 40 76
100
29 19 98 4 9 58 51 40 43 7 18 3 10 33 91 89 23 7 39 36 72 47 8 19 11 57 26 78 13 66 4 45 80 38 12 28 30 71 53 60 79 8 80 44 17 86 43 69 83 28 95 12 85 72 98 20 5 7 70 13 71 47 98 39 24 82 96 67 71 1 58 90 79 60 2 38 42 18 18 34 73 75 28 26 20 19 10 99 28 47 84 46 99 34 27 67 27 60 52 70
100
50 23 28 88 89 48 53 65 92 27 15 24 41 9 62 69 37 94 82 27 15 95 20 59 97 33 43 67 10 79 76 55 42 70 37 100 38 42 42 50 43 80 28 65 48 22 94 71 70 51 99 10 91 34 67 90 15 28 97 29 51 81 80 19 54 49 70 24 39 68 4 72 5 72 71 96 53 92 64 66 87 76 25 37 63 43 64 86 57 93 50 93 81 86 17 78 79 48 61 84
100
30 37 34 51 75 80 99 34 86 88 100 81 74 93 27 50 93 27 92 20 65 100 100 78 3 14 7 44 16 31 45 94 52 8 82 32 43 80 13 90 55 3 76 2 23 29 25 81 7 30 30 34 15 100 44 70 23 84 26 55 2 79 14 79 85 60 27 48 8 95 62 5 31 19 41 90 100 49 30 7 36 21 10 64 58 26 82 65 90 91 39 51 84 8 16 39 20 58 20 3
100
30 86 58 13 31 10 74 19 28 28 25 99 4 85 13 32 97 85 1 70 12 63 32 49 28 59 29 81 91 49 25 84 6 9 57 90 6 76 26 81 31 33 35 10 62 86 18 36 13 15 49 51 18 37 6 53 88 81 55 24 20 53 53 90 2 79 46 37 6 56 2 77 77 2 6 5 71 51 89 48 83 41 94 3 85 18 4 28 8 1 24 64 80 15 22 77 60 94 36 7
100
51 77 9 88 18 55 17 90 95 16 81 86 61 10 65 22 69 8 52 98 59 26 5 99 83 74 25 31 19 64 88 55 37 76 72 30 67 9 99 46 40 58 3 81 49 7 23 86 5 71 96 9 7 50 38 19 4 69 32 53 68 37 65 87 26 67 11 40 14 14 27 87 14 95 22 38 55 16 80 62 27 57 34 56 41 89 18 33 2 51 73 70 1 53 48 88 97 2 8 67
100
21 77 56 92 73 67 69 5 90 74 60 90 86 51 86 21 73 57 85 62 54 49 12 93 69 23 67 82 3 4 50 18 99 64 97 38 67 52 67 93 91 96 33 1 22 38 76 27 67 13 29 53 64 88 38 2 37 53 80 88 76 89 3 100 1 67 51 4 94 54 62 87 66 6 65 15 14 35 33 85 77 48 42 87 67 21 88 1 44 35 67 87 81 96 26 94 76 9 10 26
100
96 11 24 87 6 8 52 51 13 17 29 69 53 100 9 96 64 100 17 81 32 67 50 65 26 31 45 74 71 98 21 92 92 14 9 33 18 20 12 43 11 1 82 86 33 6 52 96 65 95 33 62 21 34 45 94 78 90 5 99 72 38 43 23 29 17 12 14 72 47 8 62 47 17 11 51 65 59 67 11 15 71 47 95 84 89 78 6 84 54 49 84 80 78 79 26 64 38 58 48
100
32 62 33 65 45 91 23 23 23 58 53 33 61 25 7 54 94 31 77 30 22 70 13 63 93 32 1 81 39 81 33 34 93 60 90 72 72 66 18 11 46 6 68 88 52 29 53 94 8 84 15 88 80 8 78 77 86 53 31 3 79 83 38 4 80 72 40 44 49 61 33 95 84 65 67 69 8 45 23 40 45 64 9 40 53 13 95 88 74 47 38 83 26 64 88 78 21 38 76 29
100
31 78 33 30 79 81 97 86 6 33 33 57 97 20 97 64 29 22 1 35 16 87 56 51 86 85 52 64 54 38 19 69 9 74 26 4 14 53 61 67 49 64 9 22 90 26 92 50 22 24 63 33 82 27 91 11 2 78 93 20 62 49 51 52 24 20 80 29 75 1 91 99 63 58 54 58 56 32 13 37 74 7 47 97 70 83 26 85 7 10 17 5 94 2 30 46 30 69 71 30